 -----------------------------------------------------------------------------
 -----------------------------------------------------------------------------
 |         __  __ ____ ___        _    __  __ ______     ___    ____         |
 |        |  \/  |  _ \_ _|      / \  |  \/  |  _ \ \   / / \  / ___|        |
 |        | |\/| | |_) | |_____ / _ \ | |\/| | |_) \ \ / / _ \| |            |
 |        | |  | |  __/| |_____/ ___ \| |  | |  _ < \ V / ___ \ |___         |
 |        |_|  |_|_|  |___|   /_/   \_\_|  |_|_| \_\ \_/_/   \_\____|        |
 -----------------------------------------------------------------------------
 -----------------------------------------------------------------------------
 Reading amrvac.par
 
 Output type | tsavestart |  dtsave   | ditsave | itsave(1) | tsave(1)
         log | 0.000E+00  | ********* |      5  |      0    | *********
      normal | 0.000E+00  | 0.200E-01 | ******  |      0    | *********
       slice | 0.000E+00  | ********* | ******  | ******    | *********
   collapsed | 0.000E+00  | ********* | ******  | ******    | *********
    analysis | 0.000E+00  | 0.100E-01 | ******  | ******    | *********
 
 Stretched dimension            1
 Using stretched grid with qs=   1.02010000000000        1.01000000000000     
         and first cell sizes=  0.556680720982327       0.276955582578272     
         Domain size (cells): 72 72 72 
                Level one dx: 0.403E+00 0.428E-01 0.873E-01 
           Refine estimation: Lohner's scheme
 Note, Grid is reconstructed once every           3 iterations
           restart_from_file:  undefined
                  converting: F

 There is no northpole!
 There is no southpole!
 q_para  6.954999999999999E+034
 d_para   5000000000.00000     
 L_para   2000000000.00000     
 big radius of flux rope   20000000000.0000     
 small radius of flux rope   1500000000.00000     
 Relax a solor wind model with politropic MHD
 User Tiso(MK):    2.00000000000000     
 V_surface(unit_velocity):   5.434102708219299E-002
 -------------------------------------------------------------------------------
 Startup phase took :             0.204 sec
 -------------------------------------------------------------------------------
 Start integrating, print status every  3.00E+01 seconds
   #        it        time          dt  wc-time(s)
   #         0  0.0000E+00  6.6353E-05  5.6989E-03
 -------------------------------------------------------------------------------
 Saving visual data. Coordinate directions and variable names are:
           1 r               
           2 Theta           
           3 Phi             
           4 rho             
           5 v1              
           6 v2              
           7 v3              
           8 p               
           9 b1              
          10 b2              
          11 b3              
          12 br              
          13 bt              
          14 bp              
          15 J1              
          16 J2              
          17 J3              
          18 CW              
          19 fi              
          20 Vr              
          21 Vt              
          22 Vp              
 time =  0.000000000000000E+000
 -------------------------------------------------------------------------------
   #       124  7.6172E-03  5.6951E-05  3.0147E+01
   #       333  1.8458E-02  4.7851E-05  6.0212E+01
   #       436  2.3214E-02  4.4984E-05  9.0309E+01
   #       645  3.2153E-02  4.1016E-05  1.2034E+02
   #       844  4.0039E-02  3.8715E-05  1.6010E+02
   #      1052  4.7907E-02  3.7024E-05  1.9011E+02
   #      1261  5.5499E-02  3.5738E-05  2.2016E+02
   #      1397  6.0281E-02  3.5054E-05  2.5016E+02
   #      1606  6.7511E-02  3.4159E-05  2.8021E+02
   #      1815  7.4543E-02  3.3424E-05  3.1034E+02
   #      1981  8.0033E-02  3.2925E-05  3.4465E+02
   #      2190  8.6856E-02  3.2382E-05  3.7477E+02
   #      2399  9.3556E-02  3.1916E-05  4.0485E+02
   #      2604  1.0003E-01  3.1521E-05  4.4492E+02
   #      2813  1.0658E-01  3.1169E-05  4.7502E+02
   #      2875  1.5000E-01  1.0000E-02  5.0586E+02
   #      2881  2.1000E-01  1.0000E-02  5.3975E+02
   #      2887  2.7000E-01  1.0000E-02  5.7383E+02
   #      2893  3.3000E-01  1.0000E-02  6.0736E+02
   #      2899  3.9000E-01  1.0000E-02  6.4293E+02
   #      2905  4.5000E-01  1.0000E-02  6.7605E+02
   #      2911  5.1000E-01  1.0000E-02  7.0854E+02
 Warning: timesteps:   1.000000000000001E-002  exceeding output intervals 
  1.000000000000000E+099  2.000000000000000E-002  1.000000000000000E+099
  1.000000000000000E+099  1.000000000000000E-002
   #      2917  5.7000E-01  1.0000E-02  7.4051E+02
   #      2923  6.3000E-01  1.0000E-02  7.7866E+02
   #      2929  6.9000E-01  1.0000E-02  8.1134E+02
   #      2935  7.5000E-01  1.0000E-02  8.4795E+02
   #      2941  8.1000E-01  1.0000E-02  8.8029E+02
   #      2947  8.7000E-01  1.0000E-02  9.1474E+02
   #      2953  9.3000E-01  1.0000E-02  9.5088E+02
   #      2959  9.9000E-01  1.0000E-02  9.8290E+02
   #      2965  1.0500E+00  1.0000E-02  1.0161E+03
 Warning: timesteps:   1.000000000000001E-002  exceeding output intervals 
  1.000000000000000E+099  2.000000000000000E-002  1.000000000000000E+099
  1.000000000000000E+099  1.000000000000000E-002
   #      2971  1.1100E+00  1.0000E-02  1.0487E+03
 Warning: timesteps:   1.000000000000001E-002  exceeding output intervals 
  1.000000000000000E+099  2.000000000000000E-002  1.000000000000000E+099
  1.000000000000000E+099  1.000000000000000E-002
 Warning: timesteps:   1.000000000000001E-002  exceeding output intervals 
  1.000000000000000E+099  2.000000000000000E-002  1.000000000000000E+099
  1.000000000000000E+099  1.000000000000000E-002
 Warning: timesteps:   1.000000000000001E-002  exceeding output intervals 
  1.000000000000000E+099  2.000000000000000E-002  1.000000000000000E+099
  1.000000000000000E+099  1.000000000000000E-002
   #      2977  1.1700E+00  1.0000E-02  1.0823E+03
   #      2983  1.2300E+00  1.0000E-02  1.1188E+03
   #      2989  1.2900E+00  1.0000E-02  1.1601E+03
   #      2995  1.3500E+00  1.0000E-02  1.1924E+03
   #      3001  1.4100E+00  1.0000E-02  1.2261E+03
   #      3007  1.4700E+00  1.0000E-02  1.2609E+03
   #      3013  1.5300E+00  1.0000E-02  1.2937E+03
   #      3019  1.5900E+00  1.0000E-02  1.3274E+03
   #      3025  1.6500E+00  1.0000E-02  1.3597E+03
   #      3031  1.7100E+00  1.0000E-02  1.3918E+03
   #      3037  1.7700E+00  1.0000E-02  1.4269E+03
   #      3043  1.8300E+00  1.0000E-02  1.4593E+03
   #      3049  1.8900E+00  1.0000E-02  1.4912E+03
   #      3055  1.9500E+00  1.0000E-02  1.5230E+03
   #      3061  2.0100E+00  1.0000E-02  1.5563E+03
   #      3067  2.0700E+00  1.0000E-02  1.5895E+03
   #      3073  2.1300E+00  1.0000E-02  1.6227E+03
   #      3079  2.1900E+00  1.0000E-02  1.6578E+03
   #      3085  2.2500E+00  1.0000E-02  1.6928E+03
   #      3091  2.3100E+00  1.0000E-02  1.7247E+03
   #      3097  2.3700E+00  1.0000E-02  1.7625E+03
   #      3103  2.4300E+00  1.0000E-02  1.7943E+03
   #      3109  2.4900E+00  1.0000E-02  1.8267E+03
   #      3115  2.5500E+00  1.0000E-02  1.8596E+03
   #      3121  2.6100E+00  1.0000E-02  1.8953E+03
   #      3127  2.6700E+00  1.0000E-02  1.9274E+03
   #      3133  2.7300E+00  1.0000E-02  1.9605E+03
   #      3139  2.7900E+00  1.0000E-02  1.9941E+03
   #      3145  2.8500E+00  1.0000E-02  2.0298E+03
   #      3151  2.9100E+00  1.0000E-02  2.0618E+03
   #      3157  2.9700E+00  1.0000E-02  2.0956E+03
   #      3163  3.0300E+00  1.0000E-02  2.1306E+03
   #      3169  3.0900E+00  1.0000E-02  2.1627E+03
   #      3175  3.1500E+00  1.0000E-02  2.1974E+03
   #      3181  3.2100E+00  1.0000E-02  2.2296E+03
   #      3187  3.2700E+00  1.0000E-02  2.2620E+03
   #      3193  3.3300E+00  1.0000E-02  2.2944E+03
   #      3199  3.3900E+00  1.0000E-02  2.3276E+03
   #      3205  3.4500E+00  1.0000E-02  2.3609E+03
   #      3211  3.5100E+00  1.0000E-02  2.3928E+03
   #      3217  3.5700E+00  1.0000E-02  2.4252E+03
   #      3223  3.6300E+00  1.0000E-02  2.4601E+03
   #      3229  3.6900E+00  1.0000E-02  2.4960E+03
   #      3235  3.7500E+00  1.0000E-02  2.5302E+03
   #      3241  3.8100E+00  1.0000E-02  2.5649E+03
   #      3247  3.8700E+00  1.0000E-02  2.5996E+03
   #      3253  3.9300E+00  1.0000E-02  2.6350E+03
   #      3259  3.9900E+00  1.0000E-02  2.6693E+03
   #      3265  4.0500E+00  1.0000E-02  2.7012E+03
   #      3271  4.1100E+00  1.0000E-02  2.7333E+03
   #      3277  4.1700E+00  1.0000E-02  2.7676E+03
   #      3283  4.2300E+00  1.0000E-02  2.8038E+03
   #      3289  4.2900E+00  1.0000E-02  2.8366E+03
   #      3295  4.3500E+00  1.0000E-02  2.8687E+03
   #      3301  4.4100E+00  1.0000E-02  2.9051E+03
   #      3307  4.4700E+00  1.0000E-02  2.9374E+03
   #      3313  4.5300E+00  1.0000E-02  2.9738E+03
   #      3319  4.5900E+00  1.0000E-02  3.0102E+03
   #      3325  4.6500E+00  1.0000E-02  3.0473E+03
   #      3331  4.7100E+00  1.0000E-02  3.0862E+03
   #      3335  4.7500E+00  1.0000E-02  3.1259E+03
   #      3341  4.8100E+00  1.0000E-02  3.1647E+03
   #      3347  4.8700E+00  1.0000E-02  3.2044E+03
   #      3353  4.9300E+00  1.0000E-02  3.2436E+03
   #      3359  4.9900E+00  1.0000E-02  3.2753E+03
   #      3365  5.0500E+00  1.0000E-02  3.3124E+03
   #      3371  5.1100E+00  1.0000E-02  3.3529E+03
   #      3377  5.1700E+00  1.0000E-02  3.3887E+03
   #      3381  5.2100E+00  1.0000E-02  3.4248E+03
   #      3387  5.2700E+00  1.0000E-02  3.4632E+03
   #      3393  5.3300E+00  1.0000E-02  3.4967E+03
   #      3399  5.3900E+00  1.0000E-02  3.5285E+03
   #      3405  5.4500E+00  1.0000E-02  3.5609E+03
   #      3411  5.5100E+00  1.0000E-02  3.5960E+03
   #      3417  5.5700E+00  1.0000E-02  3.6301E+03
   #      3423  5.6300E+00  1.0000E-02  3.6678E+03
   #      3429  5.6900E+00  1.0000E-02  3.7037E+03
   #      3435  5.7500E+00  1.0000E-02  3.7356E+03
   #      3441  5.8100E+00  1.0000E-02  3.7676E+03
   #      3447  5.8700E+00  1.0000E-02  3.8014E+03
   #      3453  5.9300E+00  1.0000E-02  3.8344E+03
   #      3459  5.9900E+00  1.0000E-02  3.8683E+03
   #      3465  6.0500E+00  1.0000E-02  3.9022E+03
   #      3471  6.1100E+00  1.0000E-02  3.9375E+03
   #      3477  6.1700E+00  1.0000E-02  3.9710E+03
   #      3483  6.2300E+00  1.0000E-02  4.0030E+03
   #      3489  6.2900E+00  1.0000E-02  4.0371E+03
   #      3495  6.3500E+00  1.0000E-02  4.0703E+03
   #      3501  6.4100E+00  1.0000E-02  4.1025E+03
   #      3507  6.4700E+00  1.0000E-02  4.1356E+03
   #      3513  6.5300E+00  1.0000E-02  4.1683E+03
   #      3519  6.5900E+00  1.0000E-02  4.2009E+03
   #      3525  6.6500E+00  1.0000E-02  4.2356E+03
   #      3531  6.7100E+00  1.0000E-02  4.2695E+03
   #      3537  6.7700E+00  1.0000E-02  4.3040E+03
   #      3543  6.8300E+00  1.0000E-02  4.3377E+03
   #      3549  6.8900E+00  1.0000E-02  4.3698E+03
   #      3555  6.9500E+00  1.0000E-02  4.4088E+03
   #      3561  7.0100E+00  1.0000E-02  4.4410E+03
   #      3567  7.0700E+00  1.0000E-02  4.4744E+03
   #      3573  7.1300E+00  1.0000E-02  4.5077E+03
   #      3579  7.1900E+00  1.0000E-02  4.5416E+03
   #      3585  7.2500E+00  1.0000E-02  4.5742E+03
   #      3591  7.3100E+00  1.0000E-02  4.6071E+03
   #      3597  7.3700E+00  1.0000E-02  4.6395E+03
   #      3603  7.4300E+00  1.0000E-02  4.6746E+03
   #      3609  7.4900E+00  1.0000E-02  4.7074E+03
   #      3615  7.5500E+00  1.0000E-02  4.7399E+03
   #      3621  7.6100E+00  1.0000E-02  4.7724E+03
   #      3627  7.6700E+00  1.0000E-02  4.8043E+03
   #      3633  7.7300E+00  1.0000E-02  4.8373E+03
   #      3639  7.7900E+00  1.0000E-02  4.8722E+03
   #      3645  7.8500E+00  1.0000E-02  4.9080E+03
   #      3651  7.9100E+00  1.0000E-02  4.9445E+03
   #      3657  7.9700E+00  1.0000E-02  4.9792E+03
   #      3663  8.0300E+00  1.0000E-02  5.0134E+03
   #      3669  8.0900E+00  1.0000E-02  5.0487E+03
   #      3675  8.1500E+00  1.0000E-02  5.0818E+03
   #      3681  8.2100E+00  1.0000E-02  5.1201E+03
   #      3687  8.2700E+00  1.0000E-02  5.1521E+03
   #      3693  8.3300E+00  1.0000E-02  5.1892E+03
   #      3699  8.3900E+00  1.0000E-02  5.2253E+03
   #      3705  8.4500E+00  1.0000E-02  5.2591E+03
   #      3711  8.5100E+00  1.0000E-02  5.2933E+03
   #      3717  8.5700E+00  1.0000E-02  5.3302E+03
   #      3723  8.6300E+00  1.0000E-02  5.3640E+03
   #      3729  8.6900E+00  1.0000E-02  5.3983E+03
   #      3735  8.7500E+00  1.0000E-02  5.4306E+03
   #      3741  8.8100E+00  1.0000E-02  5.4672E+03
   #      3747  8.8700E+00  1.0000E-02  5.5004E+03
   #      3753  8.9300E+00  1.0000E-02  5.5355E+03
   #      3759  8.9900E+00  1.0000E-02  5.5692E+03
   #      3765  9.0500E+00  1.0000E-02  5.6028E+03
   #      3771  9.1100E+00  1.0000E-02  5.6393E+03
   #      3777  9.1700E+00  1.0000E-02  5.6741E+03
   #      3783  9.2300E+00  1.0000E-02  5.7077E+03
   #      3789  9.2900E+00  1.0000E-02  5.7433E+03
   #      3795  9.3500E+00  1.0000E-02  5.7811E+03
   #      3801  9.4100E+00  1.0000E-02  5.8147E+03
   #      3807  9.4700E+00  1.0000E-02  5.8499E+03
   #      3813  9.5300E+00  1.0000E-02  5.8889E+03
   #      3819  9.5900E+00  1.0000E-02  5.9267E+03
   #      3825  9.6500E+00  1.0000E-02  5.9637E+03
   #      3831  9.7100E+00  1.0000E-02  5.9970E+03
   #      3837  9.7700E+00  1.0000E-02  6.0347E+03
   #      3843  9.8300E+00  1.0000E-02  6.0722E+03
   #      3849  9.8900E+00  1.0000E-02  6.1105E+03
   #      3855  9.9500E+00  1.0000E-02  6.1450E+03
   #      3861  1.0010E+01  1.0000E-02  6.1824E+03
   #      3867  1.0070E+01  1.0000E-02  6.2152E+03
   #      3873  1.0130E+01  1.0000E-02  6.2477E+03
   #      3879  1.0190E+01  1.0000E-02  6.2797E+03
   #      3885  1.0250E+01  1.0000E-02  6.3165E+03
   #      3891  1.0310E+01  1.0000E-02  6.3486E+03
   #      3897  1.0370E+01  1.0000E-02  6.3872E+03
   #      3903  1.0430E+01  1.0000E-02  6.4195E+03
   #      3909  1.0490E+01  1.0000E-02  6.4544E+03
   #      3915  1.0550E+01  1.0000E-02  6.4876E+03
   #      3921  1.0610E+01  1.0000E-02  6.5243E+03
   #      3927  1.0670E+01  1.0000E-02  6.5598E+03
   #      3933  1.0730E+01  1.0000E-02  6.5917E+03
   #      3939  1.0790E+01  1.0000E-02  6.6263E+03
   #      3945  1.0850E+01  1.0000E-02  6.6606E+03
   #      3951  1.0910E+01  1.0000E-02  6.6981E+03
   #      3957  1.0970E+01  1.0000E-02  6.7310E+03
   #      3963  1.1030E+01  1.0000E-02  6.7651E+03
   #      3969  1.1090E+01  1.0000E-02  6.7998E+03
   #      3975  1.1150E+01  1.0000E-02  6.8339E+03
   #      3981  1.1210E+01  1.0000E-02  6.8711E+03
   #      3987  1.1270E+01  1.0000E-02  6.9092E+03
   #      3993  1.1330E+01  1.0000E-02  6.9450E+03
   #      3999  1.1390E+01  1.0000E-02  6.9779E+03
   #      4005  1.1450E+01  1.0000E-02  7.0103E+03
   #      4011  1.1510E+01  1.0000E-02  7.0493E+03
   #      4017  1.1570E+01  1.0000E-02  7.0814E+03
   #      4023  1.1630E+01  1.0000E-02  7.1155E+03
   #      4029  1.1690E+01  1.0000E-02  7.1499E+03
   #      4035  1.1750E+01  1.0000E-02  7.1833E+03
   #      4041  1.1810E+01  1.0000E-02  7.2169E+03
   #      4047  1.1870E+01  1.0000E-02  7.2522E+03
   #      4053  1.1930E+01  1.0000E-02  7.2845E+03
   #      4059  1.1990E+01  1.0000E-02  7.3207E+03
   #      4065  1.2050E+01  1.0000E-02  7.3561E+03
   #      4071  1.2110E+01  1.0000E-02  7.3914E+03
   #      4077  1.2170E+01  1.0000E-02  7.4243E+03
   #      4083  1.2230E+01  1.0000E-02  7.4580E+03
   #      4089  1.2290E+01  1.0000E-02  7.4908E+03
   #      4095  1.2350E+01  1.0000E-02  7.5229E+03
   #      4101  1.2410E+01  1.0000E-02  7.5555E+03
   #      4107  1.2470E+01  1.0000E-02  7.5907E+03
   #      4113  1.2530E+01  1.0000E-02  7.6278E+03
   #      4119  1.2590E+01  1.0000E-02  7.6604E+03
   #      4125  1.2650E+01  1.0000E-02  7.6958E+03
   #      4131  1.2710E+01  1.0000E-02  7.7290E+03
   #      4137  1.2770E+01  1.0000E-02  7.7609E+03
   #      4143  1.2830E+01  1.0000E-02  7.7929E+03
   #      4149  1.2890E+01  1.0000E-02  7.8249E+03
   #      4155  1.2950E+01  1.0000E-02  7.8567E+03
   #      4161  1.3010E+01  1.0000E-02  7.8888E+03
   #      4167  1.3070E+01  1.0000E-02  7.9209E+03
   #      4173  1.3130E+01  1.0000E-02  7.9529E+03
   #      4179  1.3190E+01  1.0000E-02  7.9853E+03
   #      4185  1.3250E+01  1.0000E-02  8.0173E+03
   #      4191  1.3310E+01  1.0000E-02  8.0511E+03
   #      4197  1.3370E+01  1.0000E-02  8.0843E+03
   #      4203  1.3430E+01  1.0000E-02  8.1230E+03
   #      4209  1.3490E+01  1.0000E-02  8.1592E+03
   #      4215  1.3550E+01  1.0000E-02  8.1976E+03
   #      4221  1.3610E+01  1.0000E-02  8.2300E+03
   #      4227  1.3670E+01  1.0000E-02  8.2643E+03
   #      4233  1.3730E+01  1.0000E-02  8.2981E+03
   #      4239  1.3790E+01  1.0000E-02  8.3310E+03
   #      4245  1.3850E+01  1.0000E-02  8.3647E+03
   #      4251  1.3910E+01  1.0000E-02  8.3979E+03
   #      4257  1.3970E+01  1.0000E-02  8.4317E+03
   #      4263  1.4030E+01  1.0000E-02  8.4677E+03
   #      4269  1.4090E+01  1.0000E-02  8.5001E+03
   #      4275  1.4150E+01  1.0000E-02  8.5378E+03
   #      4281  1.4210E+01  1.0000E-02  8.5706E+03
   #      4287  1.4270E+01  1.0000E-02  8.6044E+03
   #      4293  1.4330E+01  1.0000E-02  8.6375E+03
   #      4299  1.4390E+01  1.0000E-02  8.6701E+03
   #      4305  1.4450E+01  1.0000E-02  8.7026E+03
   #      4311  1.4510E+01  1.0000E-02  8.7372E+03
   #      4317  1.4570E+01  1.0000E-02  8.7725E+03
   #      4323  1.4630E+01  1.0000E-02  8.8090E+03
   #      4329  1.4690E+01  1.0000E-02  8.8411E+03
   #      4335  1.4750E+01  1.0000E-02  8.8734E+03
   #      4341  1.4810E+01  1.0000E-02  8.9080E+03
   #      4347  1.4870E+01  1.0000E-02  8.9399E+03
   #      4353  1.4930E+01  1.0000E-02  8.9728E+03
   #      4359  1.4990E+01  1.0000E-02  9.0060E+03
   #      4365  1.5050E+01  1.0000E-02  9.0386E+03
   #      4371  1.5110E+01  1.0000E-02  9.0707E+03
   #      4377  1.5170E+01  1.0000E-02  9.1027E+03
   #      4383  1.5230E+01  1.0000E-02  9.1346E+03
   #      4389  1.5290E+01  1.0000E-02  9.1667E+03
   #      4395  1.5350E+01  1.0000E-02  9.1990E+03
   #      4401  1.5410E+01  1.0000E-02  9.2310E+03
   #      4407  1.5470E+01  1.0000E-02  9.2631E+03
   #      4413  1.5530E+01  1.0000E-02  9.2951E+03
   #      4419  1.5590E+01  1.0000E-02  9.3277E+03
   #      4425  1.5650E+01  1.0000E-02  9.3597E+03
   #      4431  1.5710E+01  1.0000E-02  9.3977E+03
   #      4437  1.5770E+01  1.0000E-02  9.4317E+03
   #      4443  1.5830E+01  1.0000E-02  9.4663E+03
   #      4449  1.5890E+01  1.0000E-02  9.5066E+03
   #      4455  1.5950E+01  1.0000E-02  9.5392E+03
   #      4461  1.6010E+01  1.0000E-02  9.5720E+03
   #      4467  1.6070E+01  1.0000E-02  9.6042E+03
   #      4473  1.6130E+01  1.0000E-02  9.6366E+03
   #      4479  1.6190E+01  1.0000E-02  9.6686E+03
   #      4485  1.6250E+01  1.0000E-02  9.7005E+03
   #      4491  1.6310E+01  1.0000E-02  9.7324E+03
   #      4497  1.6370E+01  1.0000E-02  9.7648E+03
   #      4503  1.6430E+01  1.0000E-02  9.7974E+03
   #      4509  1.6490E+01  1.0000E-02  9.8294E+03
   #      4515  1.6550E+01  1.0000E-02  9.8630E+03
   #      4521  1.6610E+01  1.0000E-02  9.8949E+03
   #      4527  1.6670E+01  1.0000E-02  9.9266E+03
   #      4533  1.6730E+01  1.0000E-02  9.9594E+03
   #      4539  1.6790E+01  1.0000E-02  9.9929E+03
   #      4545  1.6850E+01  1.0000E-02  1.0032E+04
   #      4551  1.6910E+01  1.0000E-02  1.0064E+04
   #      4557  1.6970E+01  1.0000E-02  1.0097E+04
   #      4563  1.7030E+01  1.0000E-02  1.0134E+04
   #      4569  1.7090E+01  1.0000E-02  1.0168E+04
   #      4575  1.7150E+01  1.0000E-02  1.0206E+04
   #      4581  1.7210E+01  1.0000E-02  1.0239E+04
   #      4587  1.7270E+01  1.0000E-02  1.0272E+04
   #      4593  1.7330E+01  1.0000E-02  1.0304E+04
   #      4599  1.7390E+01  1.0000E-02  1.0336E+04
   #      4605  1.7450E+01  1.0000E-02  1.0368E+04
   #      4611  1.7510E+01  1.0000E-02  1.0400E+04
   #      4617  1.7570E+01  1.0000E-02  1.0434E+04
   #      4623  1.7630E+01  1.0000E-02  1.0466E+04
   #      4629  1.7690E+01  1.0000E-02  1.0498E+04
   #      4635  1.7750E+01  1.0000E-02  1.0531E+04
   #      4641  1.7810E+01  1.0000E-02  1.0566E+04
   #      4647  1.7870E+01  1.0000E-02  1.0602E+04
   #      4653  1.7930E+01  1.0000E-02  1.0637E+04
   #      4659  1.7990E+01  1.0000E-02  1.0671E+04
   #      4665  1.8050E+01  1.0000E-02  1.0705E+04
   #      4671  1.8110E+01  1.0000E-02  1.0739E+04
   #      4677  1.8170E+01  1.0000E-02  1.0772E+04
   #      4683  1.8230E+01  1.0000E-02  1.0806E+04
   #      4689  1.8290E+01  1.0000E-02  1.0838E+04
   #      4695  1.8350E+01  1.0000E-02  1.0871E+04
   #      4701  1.8410E+01  1.0000E-02  1.0905E+04
   #      4707  1.8470E+01  1.0000E-02  1.0939E+04
   #      4713  1.8530E+01  1.0000E-02  1.0972E+04
   #      4719  1.8590E+01  1.0000E-02  1.1004E+04
   #      4725  1.8650E+01  1.0000E-02  1.1038E+04
   #      4731  1.8710E+01  1.0000E-02  1.1070E+04
   #      4737  1.8770E+01  1.0000E-02  1.1102E+04
   #      4743  1.8830E+01  1.0000E-02  1.1136E+04
   #      4749  1.8890E+01  1.0000E-02  1.1168E+04
   #      4755  1.8950E+01  1.0000E-02  1.1200E+04
   #      4761  1.9010E+01  1.0000E-02  1.1232E+04
   #      4767  1.9070E+01  1.0000E-02  1.1267E+04
   #      4773  1.9130E+01  1.0000E-02  1.1304E+04
   #      4779  1.9190E+01  1.0000E-02  1.1336E+04
   #      4785  1.9250E+01  1.0000E-02  1.1367E+04
   #      4791  1.9310E+01  1.0000E-02  1.1400E+04
   #      4797  1.9370E+01  1.0000E-02  1.1434E+04
   #      4803  1.9430E+01  1.0000E-02  1.1467E+04
   #      4809  1.9490E+01  1.0000E-02  1.1501E+04
   #      4815  1.9550E+01  1.0000E-02  1.1532E+04
   #      4821  1.9610E+01  1.0000E-02  1.1567E+04
   #      4827  1.9670E+01  1.0000E-02  1.1599E+04
   #      4833  1.9730E+01  1.0000E-02  1.1633E+04
   #      4839  1.9790E+01  1.0000E-02  1.1665E+04
   #      4845  1.9850E+01  1.0000E-02  1.1698E+04
   #      4851  1.9910E+01  1.0000E-02  1.1731E+04
   #      4857  1.9970E+01  1.0000E-02  1.1764E+04
   #      4863  2.0030E+01  1.0000E-02  1.1796E+04
   #      4869  2.0090E+01  1.0000E-02  1.1829E+04
   #      4875  2.0150E+01  1.0000E-02  1.1863E+04
   #      4881  2.0210E+01  1.0000E-02  1.1897E+04
   #      4887  2.0270E+01  1.0000E-02  1.1930E+04
   #      4893  2.0330E+01  1.0000E-02  1.1963E+04
   #      4899  2.0390E+01  1.0000E-02  1.1995E+04
   #      4905  2.0450E+01  1.0000E-02  1.2028E+04
   #      4911  2.0510E+01  1.0000E-02  1.2062E+04
   #      4917  2.0570E+01  1.0000E-02  1.2095E+04
   #      4923  2.0630E+01  1.0000E-02  1.2127E+04
   #      4929  2.0690E+01  1.0000E-02  1.2162E+04
   #      4935  2.0750E+01  1.0000E-02  1.2199E+04
   #      4941  2.0810E+01  1.0000E-02  1.2232E+04
   #      4947  2.0870E+01  1.0000E-02  1.2266E+04
   #      4953  2.0930E+01  1.0000E-02  1.2302E+04
   #      4959  2.0990E+01  1.0000E-02  1.2336E+04
   #      4965  2.1050E+01  1.0000E-02  1.2369E+04
   #      4971  2.1110E+01  1.0000E-02  1.2402E+04
   #      4977  2.1170E+01  1.0000E-02  1.2435E+04
   #      4983  2.1230E+01  1.0000E-02  1.2467E+04
   #      4989  2.1290E+01  1.0000E-02  1.2504E+04
   #      4995  2.1350E+01  1.0000E-02  1.2536E+04
   #      5001  2.1410E+01  1.0000E-02  1.2569E+04
   #      5007  2.1470E+01  1.0000E-02  1.2605E+04
   #      5013  2.1530E+01  1.0000E-02  1.2642E+04
   #      5019  2.1590E+01  1.0000E-02  1.2675E+04
   #      5025  2.1650E+01  1.0000E-02  1.2710E+04
   #      5031  2.1710E+01  1.0000E-02  1.2742E+04
   #      5037  2.1770E+01  1.0000E-02  1.2775E+04
   #      5043  2.1830E+01  1.0000E-02  1.2810E+04
   #      5049  2.1890E+01  1.0000E-02  1.2844E+04
   #      5055  2.1950E+01  1.0000E-02  1.2877E+04
   #      5061  2.2010E+01  1.0000E-02  1.2911E+04
   #      5067  2.2070E+01  1.0000E-02  1.2944E+04
   #      5073  2.2130E+01  1.0000E-02  1.2979E+04
   #      5079  2.2190E+01  1.0000E-02  1.3014E+04
   #      5085  2.2250E+01  1.0000E-02  1.3049E+04
   #      5091  2.2310E+01  1.0000E-02  1.3084E+04
   #      5097  2.2370E+01  1.0000E-02  1.3121E+04
   #      5103  2.2430E+01  1.0000E-02  1.3154E+04
   #      5109  2.2490E+01  1.0000E-02  1.3186E+04
   #      5115  2.2550E+01  1.0000E-02  1.3227E+04
   #      5121  2.2610E+01  1.0000E-02  1.3261E+04
   #      5127  2.2670E+01  1.0000E-02  1.3296E+04
   #      5133  2.2730E+01  1.0000E-02  1.3328E+04
   #      5139  2.2790E+01  1.0000E-02  1.3361E+04
   #      5145  2.2850E+01  1.0000E-02  1.3394E+04
   #      5151  2.2910E+01  1.0000E-02  1.3429E+04
   #      5157  2.2970E+01  1.0000E-02  1.3461E+04
   #      5163  2.3030E+01  1.0000E-02  1.3494E+04
   #      5169  2.3090E+01  1.0000E-02  1.3527E+04
   #      5175  2.3150E+01  1.0000E-02  1.3560E+04
   #      5181  2.3210E+01  1.0000E-02  1.3592E+04
   #      5187  2.3270E+01  1.0000E-02  1.3626E+04
   #      5193  2.3330E+01  1.0000E-02  1.3658E+04
   #      5199  2.3390E+01  1.0000E-02  1.3693E+04
   #      5205  2.3450E+01  1.0000E-02  1.3729E+04
   #      5211  2.3510E+01  1.0000E-02  1.3760E+04
   #      5217  2.3570E+01  1.0000E-02  1.3794E+04
   #      5223  2.3630E+01  1.0000E-02  1.3827E+04
   #      5229  2.3690E+01  1.0000E-02  1.3859E+04
   #      5235  2.3750E+01  1.0000E-02  1.3891E+04
   #      5241  2.3810E+01  1.0000E-02  1.3924E+04
   #      5247  2.3870E+01  1.0000E-02  1.3958E+04
   #      5253  2.3930E+01  1.0000E-02  1.3993E+04
   #      5259  2.3990E+01  1.0000E-02  1.4027E+04
   #      5265  2.4050E+01  1.0000E-02  1.4060E+04
   #      5271  2.4110E+01  1.0000E-02  1.4093E+04
   #      5277  2.4170E+01  1.0000E-02  1.4128E+04
   #      5283  2.4230E+01  1.0000E-02  1.4161E+04
   #      5289  2.4290E+01  1.0000E-02  1.4194E+04
   #      5295  2.4350E+01  1.0000E-02  1.4226E+04
   #      5301  2.4410E+01  1.0000E-02  1.4260E+04
   #      5307  2.4470E+01  1.0000E-02  1.4294E+04
   #      5313  2.4530E+01  1.0000E-02  1.4326E+04
   #      5319  2.4590E+01  1.0000E-02  1.4359E+04
   #      5325  2.4650E+01  1.0000E-02  1.4392E+04
   #      5331  2.4710E+01  1.0000E-02  1.4426E+04
   #      5337  2.4770E+01  1.0000E-02  1.4460E+04
   #      5343  2.4830E+01  1.0000E-02  1.4495E+04
   #      5349  2.4890E+01  1.0000E-02  1.4528E+04
   #      5355  2.4950E+01  1.0000E-02  1.4562E+04
 Total timeloop took        :    14595.166 sec
 Time spent on AMR          :        0.001 sec
                  Percentage:         0.00 %
 Time spent on IO in loop   :    13839.045 sec
                  Percentage:        94.82 %
 Time spent on ghost cells  :      103.735 sec
                  Percentage:         0.71 %
 Time spent on computing    :      652.386 sec
                  Percentage:         4.47 %
 Cells updated / proc / sec :    1.713E+04
 Total time spent on IO     :    13839.094 sec
 Total timeintegration took :    14595.216 sec
   #      5360   2.500E+01   0.000E+00   1.460E+04
 -------------------------------------------------------------------------------
 Finished AMRVAC in :         14595.420 sec
 -------------------------------------------------------------------------------
